 ON KERNEL: 4
[[[[-0.10436626]]

  [[ 0.06297658]]

  [[-0.10436626]]

  [[-0.08352885]]]


 [[[ 0.06297658]]

  [[ 0.74809366]]

  [[ 0.06297658]]

  [[-0.10642832]]]


 [[[-0.10436626]]

  [[ 0.06297658]]

  [[-0.10436626]]

  [[-0.08352885]]]


 [[[-0.08352885]]

  [[-0.10642832]]

  [[-0.08352885]]

  [[-0.0355629 ]]]]

  OFF-KERNEL 4:

[[[[ 0.10436626]]

  [[-0.06297658]]

  [[ 0.10436626]]

  [[ 0.08352885]]]


 [[[-0.06297658]]

  [[-0.74809366]]

  [[-0.06297658]]

  [[ 0.10642832]]]


 [[[ 0.10436626]]

  [[-0.06297658]]

  [[ 0.10436626]]

  [[ 0.08352885]]]


 [[[ 0.08352885]]

  [[ 0.10642832]]

  [[ 0.08352885]]

  [[ 0.0355629 ]]]]
